기간	행정구역별	성별	계	0세	1세	2세	3세	4세	5세	6세	7세	8세	9세	10세	11세	12세	13세	14세	15세	16세	17세	18세	19세	20세	21세	22세	23세	24세	25세	26세	27세	28세	29세	30세	31세	32세	33세	34세	35세	36세	37세	38세	39세	40세	41세	42세	43세	44세	45세	46세	47세	48세	49세	50세	51세	52세	53세	54세	55세	56세	57세	58세	59세	60세	61세	62세	63세	64세	65세	66세	67세	68세	69세	70세	71세	72세	73세	74세	75세	76세	77세	78세	79세	80세	81세	82세	83세	84세	85세	86세	87세	88세	89세	90세	91세	92세	93세	94세	95세	96세	97세	98세	99세	100세 이상
2019.3/4	합계	계	9,740,398	51,316	55,644	60,385	67,918	69,836	69,391	70,847	75,318	75,271	72,153	71,115	77,082	77,951	72,935	73,440	80,936	81,104	85,225	98,573	110,217	111,828	119,778	129,465	140,435	147,554	158,205	166,344	170,726	161,176	154,831	150,079	144,991	143,110	143,829	142,208	146,785	155,832	164,409	163,977	163,356	152,106	139,669	142,781	140,609	148,695	162,216	164,231	167,586	177,581	168,623	170,184	162,361	149,811	144,870	149,884	140,985	153,085	146,320	164,883	164,533	149,334	140,250	139,507	128,060	135,199	110,631	101,336	106,128	77,445	86,565	86,908	85,093	85,281	63,534	63,963	61,977	64,166	67,497	54,053	47,301	44,772	38,928	34,678	30,071	27,258	21,823	18,279	15,760	12,013	10,893	9,449	7,567	5,856	4,033	3,239	2,480	2,463	1,710	1,211	924	6,175
2019.3/4	합계	남자	4,751,696	26,702	28,842	30,903	34,641	35,741	35,658	36,319	38,640	38,608	37,052	36,379	39,680	40,149	37,683	37,980	41,672	41,800	43,924	50,623	55,524	55,544	58,269	62,345	67,554	71,397	77,353	82,468	84,301	80,065	77,196	75,194	71,901	70,915	71,853	71,257	73,757	78,299	82,086	82,716	81,139	75,518	69,125	70,488	70,009	73,587	80,605	80,822	83,743	88,202	83,448	84,141	79,584	73,187	72,810	73,419	69,310	75,774	72,015	79,116	78,155	71,660	67,467	66,292	60,664	63,371	52,067	47,610	49,962	36,200	40,627	40,095	39,445	38,848	28,957	29,377	28,146	29,338	30,853	24,346	20,703	19,321	16,174	13,877	11,679	10,026	7,724	6,131	5,137	3,589	3,008	2,691	1,997	1,449	950	762	619	680	465	347	269	1,586
2019.3/4	합계	여자	4,988,702	24,614	26,802	29,482	33,277	34,095	33,733	34,528	36,678	36,663	35,101	34,736	37,402	37,802	35,252	35,460	39,264	39,304	41,301	47,950	54,693	56,284	61,509	67,120	72,881	76,157	80,852	83,876	86,425	81,111	77,635	74,885	73,090	72,195	71,976	70,951	73,028	77,533	82,323	81,261	82,217	76,588	70,544	72,293	70,600	75,108	81,611	83,409	83,843	89,379	85,175	86,043	82,777	76,624	72,060	76,465	71,675	77,311	74,305	85,767	86,378	77,674	72,783	73,215	67,396	71,828	58,564	53,726	56,166	41,245	45,938	46,813	45,648	46,433	34,577	34,586	33,831	34,828	36,644	29,707	26,598	25,451	22,754	20,801	18,392	17,232	14,099	12,148	10,623	8,424	7,885	6,758	5,570	4,407	3,083	2,477	1,861	1,783	1,245	864	655	4,589
2019.3/4	종로구	계	151,767	605	597	716	827	865	892	905	969	960	950	973	1,075	1,122	1,030	1,014	1,131	1,165	1,213	1,427	1,806	1,921	1,967	2,262	2,394	2,488	2,471	2,659	2,626	2,517	2,304	2,139	2,156	2,072	1,926	1,929	1,904	2,058	2,144	2,190	2,162	2,029	1,906	1,939	1,958	2,144	2,396	2,541	2,621	2,862	2,785	2,743	2,608	2,500	2,422	2,497	2,461	2,648	2,428	2,788	2,636	2,419	2,198	2,244	2,075	2,207	1,797	1,682	1,715	1,227	1,387	1,457	1,463	1,438	1,130	1,193	1,174	1,251	1,338	1,136	998	956	831	733	647	607	486	398	343	307	244	214	160	148	109	87	67	63	66	42	38	249
2019.3/4	종로구	남자	73,952	309	303	338	410	431	455	451	491	495	479	500	568	549	535	513	564	611	601	732	853	842	894	1,075	1,189	1,261	1,244	1,330	1,363	1,317	1,178	1,094	1,106	970	980	971	964	1,021	1,024	1,071	1,044	966	933	891	954	1,032	1,139	1,194	1,322	1,458	1,355	1,352	1,289	1,239	1,195	1,278	1,254	1,366	1,287	1,378	1,282	1,269	1,126	1,140	1,028	1,065	917	845	832	552	637	657	666	649	504	518	500	574	603	499	428	409	343	314	273	234	186	144	142	99	78	77	46	50	36	32	23	27	26	20	13	81
2019.3/4	종로구	여자	77,815	296	294	378	417	434	437	454	478	465	471	473	507	573	495	501	567	554	612	695	953	1,079	1,073	1,187	1,205	1,227	1,227	1,329	1,263	1,200	1,126	1,045	1,050	1,102	946	958	940	1,037	1,120	1,119	1,118	1,063	973	1,048	1,004	1,112	1,257	1,347	1,299	1,404	1,430	1,391	1,319	1,261	1,227	1,219	1,207	1,282	1,141	1,410	1,354	1,150	1,072	1,104	1,047	1,142	880	837	883	675	750	800	797	789	626	675	674	677	735	637	570	547	488	419	374	373	300	254	201	208	166	137	114	98	73	55	44	36	40	22	25	168
2019.3/4	중구	계	126,409	684	675	756	825	789	810	736	762	751	658	651	704	677	563	598	702	672	748	939	1,176	1,281	1,354	1,562	1,759	1,790	2,033	2,255	2,275	2,111	2,092	2,025	2,087	2,054	1,971	2,006	2,048	2,157	2,161	2,103	2,119	1,891	1,737	1,706	1,606	1,722	1,898	1,848	1,970	2,193	2,019	2,215	2,185	2,007	1,885	2,045	1,939	2,161	2,075	2,351	2,250	2,076	1,969	1,993	1,874	1,942	1,583	1,417	1,532	1,078	1,289	1,216	1,251	1,246	917	1,006	954	985	1,117	902	769	746	635	596	546	473	400	343	282	229	228	192	159	116	77	63	50	51	46	24	25	190
2019.3/4	중구	남자	62,161	347	342	366	426	402	398	377	409	368	338	318	340	333	288	322	347	352	381	502	579	599	605	727	830	914	986	1,104	1,118	1,057	1,045	1,038	1,009	1,040	964	1,017	1,032	1,077	1,079	1,069	1,094	966	934	885	822	881	991	919	1,003	1,093	1,016	1,191	1,064	1,035	1,005	984	977	1,135	1,075	1,191	1,143	1,049	969	1,037	935	967	786	687	742	539	627	555	592	562	374	477	434	432	485	388	327	317	254	223	209	170	124	108	86	74	75	66	50	35	22	12	20	15	12	5	9	62
2019.3/4	중구	여자	64,248	337	333	390	399	387	412	359	353	383	320	333	364	344	275	276	355	320	367	437	597	682	749	835	929	876	1,047	1,151	1,157	1,054	1,047	987	1,078	1,014	1,007	989	1,016	1,080	1,082	1,034	1,025	925	803	821	784	841	907	929	967	1,100	1,003	1,024	1,121	972	880	1,061	962	1,026	1,000	1,160	1,107	1,027	1,000	956	939	975	797	730	790	539	662	661	659	684	543	529	520	553	632	514	442	429	381	373	337	303	276	235	196	155	153	126	109	81	55	51	30	36	34	19	16	128
2019.3/4	용산구	계	228,830	1,212	1,261	1,346	1,505	1,499	1,477	1,492	1,518	1,496	1,449	1,417	1,554	1,519	1,424	1,476	1,601	1,606	1,708	2,011	2,319	2,374	2,509	2,738	2,881	3,280	3,390	3,774	3,956	4,002	3,885	3,785	3,731	3,603	3,743	3,629	3,717	3,849	4,025	4,072	3,907	3,483	3,289	3,236	3,205	3,403	3,760	3,726	4,002	4,221	4,095	4,030	3,892	3,483	3,385	3,538	3,352	3,663	3,505	3,803	3,774	3,487	3,243	3,259	3,073	3,110	2,593	2,290	2,327	1,786	2,028	2,012	2,070	1,954	1,526	1,608	1,576	1,703	1,856	1,504	1,328	1,277	1,233	1,122	974	841	710	577	546	409	384	331	277	206	149	137	107	105	82	61	38	346
2019.3/4	용산구	남자	110,478	645	666	683	784	770	767	760	796	781	751	678	759	792	721	771	835	828	874	1,067	1,114	1,180	1,211	1,266	1,351	1,484	1,624	1,820	1,957	2,007	1,951	1,915	1,862	1,763	1,858	1,804	1,893	1,935	2,002	2,072	1,926	1,690	1,654	1,535	1,567	1,691	1,885	1,876	1,976	2,032	2,017	1,995	1,904	1,671	1,746	1,768	1,669	1,803	1,754	1,879	1,800	1,690	1,580	1,599	1,485	1,458	1,250	1,080	1,011	818	920	924	942	818	621	696	647	759	808	628	537	522	469	440	341	321	252	202	192	143	128	103	75	48	43	49	36	43	27	27	14	97
2019.3/4	용산구	여자	118,352	567	595	663	721	729	710	732	722	715	698	739	795	727	703	705	766	778	834	944	1,205	1,194	1,298	1,472	1,530	1,796	1,766	1,954	1,999	1,995	1,934	1,870	1,869	1,840	1,885	1,825	1,824	1,914	2,023	2,000	1,981	1,793	1,635	1,701	1,638	1,712	1,875	1,850	2,026	2,189	2,078	2,035	1,988	1,812	1,639	1,770	1,683	1,860	1,751	1,924	1,974	1,797	1,663	1,660	1,588	1,652	1,343	1,210	1,316	968	1,108	1,088	1,128	1,136	905	912	929	944	1,048	876	791	755	764	682	633	520	458	375	354	266	256	228	202	158	106	88	71	62	55	34	24	249
2019.3/4	성동구	계	303,158	2,048	2,192	2,274	2,383	2,454	2,330	2,264	2,236	2,123	1,933	1,886	2,132	1,999	1,866	1,892	2,039	2,004	2,255	2,701	3,210	3,416	3,701	4,135	4,631	4,754	5,105	5,219	5,378	5,022	5,009	4,862	4,840	4,817	4,988	5,022	5,151	5,403	5,582	5,480	5,429	4,753	4,450	4,428	4,310	4,480	4,854	4,898	4,977	5,371	5,146	5,263	5,037	4,733	4,529	4,745	4,551	4,953	4,690	5,128	5,213	4,579	4,362	4,256	3,794	3,981	3,266	2,864	3,029	2,282	2,504	2,465	2,409	2,524	1,866	1,913	1,890	2,016	2,131	1,711	1,411	1,405	1,245	1,095	984	795	721	530	466	349	313	281	199	167	119	79	66	70	51	39	24	233
2019.3/4	성동구	남자	148,510	1,046	1,117	1,171	1,212	1,254	1,169	1,140	1,130	1,088	970	975	1,085	1,034	947	957	1,010	951	1,077	1,384	1,604	1,686	1,750	1,976	2,286	2,354	2,553	2,692	2,740	2,499	2,413	2,310	2,317	2,302	2,471	2,491	2,550	2,720	2,825	2,775	2,696	2,415	2,248	2,284	2,190	2,249	2,420	2,503	2,528	2,627	2,588	2,571	2,486	2,346	2,294	2,344	2,306	2,497	2,381	2,569	2,653	2,264	2,238	2,077	1,831	1,905	1,577	1,378	1,435	1,045	1,164	1,145	1,114	1,128	820	835	844	901	960	742	574	612	482	407	368	305	276	166	142	98	78	87	54	45	30	18	18	22	14	14	9	62
2019.3/4	성동구	여자	154,648	1,002	1,075	1,103	1,171	1,200	1,161	1,124	1,106	1,035	963	911	1,047	965	919	935	1,029	1,053	1,178	1,317	1,606	1,730	1,951	2,159	2,345	2,400	2,552	2,527	2,638	2,523	2,596	2,552	2,523	2,515	2,517	2,531	2,601	2,683	2,757	2,705	2,733	2,338	2,202	2,144	2,120	2,231	2,434	2,395	2,449	2,744	2,558	2,692	2,551	2,387	2,235	2,401	2,245	2,456	2,309	2,559	2,560	2,315	2,124	2,179	1,963	2,076	1,689	1,486	1,594	1,237	1,340	1,320	1,295	1,396	1,046	1,078	1,046	1,115	1,171	969	837	793	763	688	616	490	445	364	324	251	235	194	145	122	89	61	48	48	37	25	15	171
2019.3/4	광진구	계	352,692	1,800	1,874	1,983	2,211	2,274	2,227	2,377	2,426	2,440	2,409	2,300	2,574	2,625	2,433	2,523	2,698	2,740	2,849	3,353	3,966	4,195	4,710	5,333	5,852	6,324	6,910	7,361	7,474	6,908	6,677	6,434	6,025	5,872	5,813	5,454	5,555	5,862	6,061	5,906	5,723	5,352	4,900	5,043	4,886	5,205	5,591	5,695	5,914	6,251	6,054	6,012	6,008	5,490	5,360	5,413	4,985	5,558	5,309	5,964	5,931	5,227	5,073	4,813	4,437	4,564	3,614	3,384	3,596	2,500	2,686	2,755	2,809	2,734	2,067	2,007	2,076	2,032	2,137	1,722	1,562	1,423	1,307	1,106	905	854	686	573	514	360	319	288	228	193	111	104	77	62	63	39	30	203
2019.3/4	광진구	남자	171,103	911	961	1,017	1,143	1,154	1,171	1,209	1,256	1,210	1,279	1,191	1,328	1,318	1,233	1,266	1,385	1,411	1,441	1,742	1,980	2,024	2,132	2,511	2,669	2,919	3,234	3,631	3,643	3,391	3,289	3,136	2,930	2,882	2,911	2,751	2,745	2,926	2,991	2,936	2,865	2,659	2,434	2,520	2,427	2,590	2,769	2,759	2,926	3,085	2,911	2,885	2,932	2,680	2,598	2,694	2,480	2,781	2,592	2,854	2,831	2,504	2,464	2,311	2,127	2,168	1,729	1,610	1,715	1,148	1,289	1,273	1,286	1,226	962	979	940	945	968	775	717	633	549	448	332	304	246	183	174	104	90	86	71	56	24	34	15	13	13	10	9	44
2019.3/4	광진구	여자	181,589	889	913	966	1,068	1,120	1,056	1,168	1,170	1,230	1,130	1,109	1,246	1,307	1,200	1,257	1,313	1,329	1,408	1,611	1,986	2,171	2,578	2,822	3,183	3,405	3,676	3,730	3,831	3,517	3,388	3,298	3,095	2,990	2,902	2,703	2,810	2,936	3,070	2,970	2,858	2,693	2,466	2,523	2,459	2,615	2,822	2,936	2,988	3,166	3,143	3,127	3,076	2,810	2,762	2,719	2,505	2,777	2,717	3,110	3,100	2,723	2,609	2,502	2,310	2,396	1,885	1,774	1,881	1,352	1,397	1,482	1,523	1,508	1,105	1,028	1,136	1,087	1,169	947	845	790	758	658	573	550	440	390	340	256	229	202	157	137	87	70	62	49	50	29	21	159
2019.3/4	동대문구	계	346,551	1,767	1,947	2,112	2,359	2,400	2,301	2,373	2,395	2,391	2,279	2,175	2,422	2,354	2,182	2,147	2,328	2,439	2,514	3,166	3,936	4,262	4,685	5,189	5,686	5,852	6,126	6,113	6,128	5,536	5,309	5,008	4,865	4,646	4,865	4,853	4,969	5,397	5,813	5,691	5,576	5,235	4,812	4,847	4,705	5,026	5,259	5,427	5,613	5,975	5,697	5,806	5,617	5,256	5,246	5,331	4,936	5,357	5,253	6,059	6,080	5,602	5,179	5,208	4,743	5,145	4,256	3,799	4,120	2,962	3,327	3,285	3,293	3,387	2,540	2,655	2,615	2,783	2,886	2,309	2,024	1,884	1,667	1,421	1,261	1,151	935	749	656	432	421	337	286	238	143	110	103	103	71	49	51	272
2019.3/4	동대문구	남자	172,440	910	997	1,095	1,235	1,210	1,190	1,236	1,234	1,202	1,183	1,106	1,190	1,228	1,117	1,109	1,202	1,212	1,286	1,595	1,886	2,013	2,123	2,435	2,802	2,970	3,288	3,257	3,246	2,923	2,770	2,654	2,482	2,413	2,558	2,486	2,574	2,790	2,986	2,941	2,900	2,728	2,493	2,457	2,459	2,608	2,723	2,774	2,896	3,106	2,880	2,872	2,859	2,640	2,771	2,719	2,466	2,733	2,616	2,990	2,957	2,752	2,550	2,503	2,344	2,490	2,024	1,877	1,898	1,399	1,625	1,504	1,484	1,512	1,180	1,177	1,130	1,304	1,306	1,041	871	846	702	572	519	449	336	249	231	143	128	104	79	62	33	35	25	35	27	14	20	79
2019.3/4	동대문구	여자	174,111	857	950	1,017	1,124	1,190	1,111	1,137	1,161	1,189	1,096	1,069	1,232	1,126	1,065	1,038	1,126	1,227	1,228	1,571	2,050	2,249	2,562	2,754	2,884	2,882	2,838	2,856	2,882	2,613	2,539	2,354	2,383	2,233	2,307	2,367	2,395	2,607	2,827	2,750	2,676	2,507	2,319	2,390	2,246	2,418	2,536	2,653	2,717	2,869	2,817	2,934	2,758	2,616	2,475	2,612	2,470	2,624	2,637	3,069	3,123	2,850	2,629	2,705	2,399	2,655	2,232	1,922	2,222	1,563	1,702	1,781	1,809	1,875	1,360	1,478	1,485	1,479	1,580	1,268	1,153	1,038	965	849	742	702	599	500	425	289	293	233	207	176	110	75	78	68	44	35	31	193
2019.3/4	중랑구	계	398,812	2,163	2,201	2,346	2,613	2,635	2,589	2,592	2,760	2,693	2,499	2,471	2,625	2,609	2,492	2,492	2,721	2,893	3,037	3,649	4,094	4,163	4,511	5,076	5,436	5,824	6,189	6,475	6,765	6,253	6,020	5,803	5,735	5,697	5,743	5,605	5,857	6,115	6,457	6,547	6,480	5,891	5,277	5,446	5,215	5,413	6,080	6,209	6,381	7,110	6,757	7,280	7,125	6,763	6,641	6,924	6,619	7,121	7,151	7,984	7,953	7,011	6,538	6,439	5,951	6,257	5,121	4,614	4,835	3,523	3,787	3,904	3,758	3,850	2,820	2,789	2,784	2,812	3,048	2,402	2,080	1,950	1,654	1,427	1,275	1,105	924	738	579	497	418	357	307	213	152	120	98	87	64	42	37	180
2019.3/4	중랑구	남자	197,927	1,127	1,147	1,196	1,329	1,386	1,315	1,336	1,439	1,362	1,266	1,245	1,319	1,332	1,325	1,289	1,326	1,440	1,581	1,920	2,060	2,121	2,365	2,546	2,776	2,911	3,083	3,285	3,323	3,077	2,993	2,942	2,887	2,880	2,986	2,855	3,055	3,199	3,365	3,475	3,402	3,110	2,778	2,833	2,767	2,757	3,105	3,158	3,251	3,628	3,395	3,611	3,462	3,274	3,352	3,431	3,291	3,512	3,606	3,898	3,919	3,440	3,291	3,115	2,905	2,990	2,517	2,247	2,309	1,647	1,826	1,832	1,760	1,744	1,313	1,264	1,242	1,270	1,369	1,125	916	844	679	617	511	394	324	240	184	126	91	89	72	48	33	28	25	24	14	11	5	42
2019.3/4	중랑구	여자	200,885	1,036	1,054	1,150	1,284	1,249	1,274	1,256	1,321	1,331	1,233	1,226	1,306	1,277	1,167	1,203	1,395	1,453	1,456	1,729	2,034	2,042	2,146	2,530	2,660	2,913	3,106	3,190	3,442	3,176	3,027	2,861	2,848	2,817	2,757	2,750	2,802	2,916	3,092	3,072	3,078	2,781	2,499	2,613	2,448	2,656	2,975	3,051	3,130	3,482	3,362	3,669	3,663	3,489	3,289	3,493	3,328	3,609	3,545	4,086	4,034	3,571	3,247	3,324	3,046	3,267	2,604	2,367	2,526	1,876	1,961	2,072	1,998	2,106	1,507	1,525	1,542	1,542	1,679	1,277	1,164	1,106	975	810	764	711	600	498	395	371	327	268	235	165	119	92	73	63	50	31	32	138
2019.3/4	성북구	계	441,590	2,167	2,370	2,756	3,143	3,203	3,228	3,294	3,620	3,698	3,447	3,379	3,667	3,765	3,414	3,513	3,895	3,832	4,026	4,645	5,424	5,722	6,097	6,504	6,843	6,988	7,208	7,059	7,096	6,446	6,025	5,736	5,550	5,541	5,772	5,714	6,006	6,466	6,969	7,047	6,983	6,812	6,079	6,291	6,427	6,937	7,724	7,900	8,040	8,444	8,092	7,991	7,559	6,939	6,527	6,625	6,404	6,745	6,463	7,295	7,266	6,627	6,183	6,217	5,781	5,916	4,920	4,474	4,860	3,407	3,986	3,987	3,834	4,005	3,063	3,114	3,048	3,299	3,524	2,788	2,457	2,385	2,044	1,794	1,550	1,461	1,058	931	727	599	526	419	408	286	203	134	102	108	78	59	53	357
2019.3/4	성북구	남자	214,094	1,122	1,234	1,423	1,593	1,645	1,666	1,647	1,898	1,890	1,734	1,748	1,916	1,966	1,724	1,852	2,015	1,967	2,035	2,327	2,638	2,641	2,743	2,970	3,216	3,458	3,697	3,672	3,577	3,302	2,995	2,868	2,781	2,729	2,923	2,788	3,005	3,244	3,401	3,577	3,399	3,361	3,028	3,124	3,162	3,434	3,807	3,906	4,061	4,191	3,963	4,057	3,801	3,426	3,252	3,264	3,122	3,295	3,115	3,533	3,422	3,235	2,981	2,932	2,718	2,749	2,345	2,084	2,279	1,550	1,827	1,774	1,627	1,780	1,312	1,371	1,340	1,468	1,556	1,234	1,019	998	838	716	585	563	384	332	235	183	148	122	112	73	49	23	23	28	28	18	10	95
2019.3/4	성북구	여자	227,496	1,045	1,136	1,333	1,550	1,558	1,562	1,647	1,722	1,808	1,713	1,631	1,751	1,799	1,690	1,661	1,880	1,865	1,991	2,318	2,786	3,081	3,354	3,534	3,627	3,530	3,511	3,387	3,519	3,144	3,030	2,868	2,769	2,812	2,849	2,926	3,001	3,222	3,568	3,470	3,584	3,451	3,051	3,167	3,265	3,503	3,917	3,994	3,979	4,253	4,129	3,934	3,758	3,513	3,275	3,361	3,282	3,450	3,348	3,762	3,844	3,392	3,202	3,285	3,063	3,167	2,575	2,390	2,581	1,857	2,159	2,213	2,207	2,225	1,751	1,743	1,708	1,831	1,968	1,554	1,438	1,387	1,206	1,078	965	898	674	599	492	416	378	297	296	213	154	111	79	80	50	41	43	262
2019.3/4	강북구	계	314,090	1,194	1,389	1,622	1,797	1,806	1,818	1,935	2,041	2,086	2,024	2,002	2,124	2,107	2,100	2,025	2,276	2,438	2,518	3,029	3,405	3,485	3,882	4,206	4,411	4,449	4,780	4,841	4,876	4,408	3,999	3,890	3,719	3,703	3,840	3,776	3,982	4,340	4,601	4,674	4,768	4,556	4,136	4,222	4,249	4,631	5,127	5,300	5,446	5,803	5,547	5,608	5,558	5,116	4,951	5,206	4,880	5,379	5,048	6,018	5,984	5,417	5,114	5,002	4,717	5,007	4,084	3,735	4,076	3,116	3,361	3,598	3,533	3,548	2,635	2,745	2,759	2,916	3,128	2,476	2,063	1,933	1,710	1,457	1,306	1,072	819	655	585	412	373	355	277	180	137	110	90	82	68	48	26	234
2019.3/4	강북구	남자	153,356	617	730	807	910	944	912	1,027	1,064	1,052	1,041	1,030	1,067	1,096	1,089	1,021	1,157	1,265	1,348	1,564	1,728	1,646	1,852	2,001	2,134	2,191	2,369	2,486	2,478	2,168	2,103	2,002	1,893	1,984	2,019	1,959	2,100	2,273	2,379	2,521	2,506	2,411	2,101	2,165	2,179	2,396	2,589	2,676	2,781	2,972	2,776	2,732	2,670	2,520	2,475	2,503	2,406	2,736	2,469	2,813	2,778	2,630	2,430	2,394	2,242	2,358	1,837	1,712	1,849	1,399	1,451	1,598	1,550	1,525	1,130	1,167	1,228	1,252	1,418	1,123	881	822	698	627	532	420	313	233	190	126	94	103	85	48	38	25	20	26	21	15	7	58
2019.3/4	강북구	여자	160,734	577	659	815	887	862	906	908	977	1,034	983	972	1,057	1,011	1,011	1,004	1,119	1,173	1,170	1,465	1,677	1,839	2,030	2,205	2,277	2,258	2,411	2,355	2,398	2,240	1,896	1,888	1,826	1,719	1,821	1,817	1,882	2,067	2,222	2,153	2,262	2,145	2,035	2,057	2,070	2,235	2,538	2,624	2,665	2,831	2,771	2,876	2,888	2,596	2,476	2,703	2,474	2,643	2,579	3,205	3,206	2,787	2,684	2,608	2,475	2,649	2,247	2,023	2,227	1,717	1,910	2,000	1,983	2,023	1,505	1,578	1,531	1,664	1,710	1,353	1,182	1,111	1,012	830	774	652	506	422	395	286	279	252	192	132	99	85	70	56	47	33	19	176
2019.3/4	도봉구	계	335,280	1,481	1,668	1,873	2,136	2,213	2,171	2,228	2,454	2,430	2,366	2,340	2,406	2,605	2,344	2,392	2,805	2,802	3,069	3,555	3,901	3,908	4,082	4,539	4,586	4,702	4,730	5,020	4,936	4,623	4,206	4,142	4,000	3,876	4,031	4,043	4,301	4,601	5,023	5,016	4,965	4,658	4,271	4,415	4,467	4,857	5,302	5,607	5,706	6,233	6,003	6,115	6,059	5,580	5,532	5,620	5,359	5,904	5,699	6,494	6,653	6,043	5,687	5,729	5,198	5,500	4,280	3,944	4,080	3,044	3,325	3,244	3,333	3,304	2,436	2,495	2,440	2,616	2,822	2,328	1,973	1,891	1,622	1,457	1,229	1,106	897	801	712	512	430	407	303	238	157	130	81	101	64	27	36	155
2019.3/4	도봉구	남자	163,953	787	899	968	1,073	1,146	1,100	1,163	1,262	1,244	1,217	1,203	1,264	1,329	1,214	1,203	1,462	1,420	1,561	1,891	1,941	2,012	2,090	2,342	2,304	2,380	2,463	2,621	2,502	2,315	2,154	2,115	2,042	1,994	2,072	2,041	2,228	2,391	2,545	2,534	2,514	2,328	2,147	2,274	2,227	2,343	2,670	2,670	2,851	3,009	2,905	2,905	2,877	2,636	2,704	2,641	2,566	2,965	2,686	3,041	3,133	2,842	2,715	2,796	2,481	2,630	2,124	1,915	1,964	1,461	1,598	1,517	1,595	1,510	1,138	1,158	1,076	1,175	1,300	1,060	848	811	679	575	464	414	300	253	222	161	121	113	91	70	42	26	19	29	19	7	12	38
2019.3/4	도봉구	여자	171,327	694	769	905	1,063	1,067	1,071	1,065	1,192	1,186	1,149	1,137	1,142	1,276	1,130	1,189	1,343	1,382	1,508	1,664	1,960	1,896	1,992	2,197	2,282	2,322	2,267	2,399	2,434	2,308	2,052	2,027	1,958	1,882	1,959	2,002	2,073	2,210	2,478	2,482	2,451	2,330	2,124	2,141	2,240	2,514	2,632	2,937	2,855	3,224	3,098	3,210	3,182	2,944	2,828	2,979	2,793	2,939	3,013	3,453	3,520	3,201	2,972	2,933	2,717	2,870	2,156	2,029	2,116	1,583	1,727	1,727	1,738	1,794	1,298	1,337	1,364	1,441	1,522	1,268	1,125	1,080	943	882	765	692	597	548	490	351	309	294	212	168	115	104	62	72	45	20	24	117
2019.3/4	노원구	계	535,282	2,507	2,768	3,119	3,476	3,749	3,701	3,918	4,187	4,459	4,325	4,382	5,056	5,185	5,031	5,266	5,871	5,826	6,169	7,166	7,807	7,507	7,911	8,135	8,153	7,881	7,786	7,647	7,243	6,599	6,317	6,108	6,078	5,950	6,318	6,267	6,521	7,214	7,742	7,799	8,190	7,761	7,340	7,791	7,718	8,747	9,594	9,994	10,073	11,000	10,404	10,361	9,888	8,924	8,547	8,504	7,870	8,693	8,386	9,239	9,071	8,224	7,800	7,708	7,066	7,348	6,089	5,296	5,792	4,173	4,530	4,547	4,427	4,434	3,276	3,311	3,293	3,478	3,720	3,048	2,732	2,582	2,343	2,046	1,740	1,661	1,333	1,139	1,006	756	703	531	449	329	217	173	159	135	79	69	46	255
2019.3/4	노원구	남자	259,204	1,308	1,438	1,564	1,783	1,934	1,935	2,030	2,156	2,293	2,230	2,207	2,672	2,693	2,648	2,747	3,053	3,031	3,225	3,713	4,025	3,770	3,988	4,137	4,265	4,211	4,140	4,054	3,764	3,344	3,193	3,064	3,022	2,995	3,128	3,137	3,232	3,616	3,826	3,897	3,885	3,782	3,508	3,694	3,723	4,077	4,543	4,751	4,743	5,297	5,042	5,040	4,786	4,375	4,229	4,091	3,893	4,183	4,079	4,424	4,230	3,806	3,688	3,598	3,299	3,388	2,873	2,550	2,715	1,920	2,126	2,039	2,023	1,920	1,392	1,463	1,382	1,494	1,552	1,203	1,132	987	853	732	603	527	416	352	300	210	210	147	113	76	46	26	45	28	21	12	17	77
2019.3/4	노원구	여자	276,078	1,199	1,330	1,555	1,693	1,815	1,766	1,888	2,031	2,166	2,095	2,175	2,384	2,492	2,383	2,519	2,818	2,795	2,944	3,453	3,782	3,737	3,923	3,998	3,888	3,670	3,646	3,593	3,479	3,255	3,124	3,044	3,056	2,955	3,190	3,130	3,289	3,598	3,916	3,902	4,305	3,979	3,832	4,097	3,995	4,670	5,051	5,243	5,330	5,703	5,362	5,321	5,102	4,549	4,318	4,413	3,977	4,510	4,307	4,815	4,841	4,418	4,112	4,110	3,767	3,960	3,216	2,746	3,077	2,253	2,404	2,508	2,404	2,514	1,884	1,848	1,911	1,984	2,168	1,845	1,600	1,595	1,490	1,314	1,137	1,134	917	787	706	546	493	384	336	253	171	147	114	107	58	57	29	178
2019.3/4	은평구	계	481,663	2,354	2,731	2,882	3,240	3,483	3,271	3,360	3,697	3,590	3,550	3,557	3,712	3,846	3,584	3,555	4,133	4,142	4,395	4,984	5,368	5,396	5,628	6,186	6,460	6,592	7,104	7,341	7,527	7,096	6,814	6,466	6,315	6,378	6,322	6,541	6,779	7,459	7,968	8,124	8,071	7,436	6,792	7,061	7,089	7,491	8,281	8,491	8,476	9,012	8,419	8,621	8,086	7,627	7,316	7,424	7,044	7,661	7,396	8,390	8,492	7,673	7,136	7,007	6,566	6,893	5,814	5,233	5,386	4,080	4,606	4,619	4,649	4,670	3,566	3,503	3,499	3,696	3,944	3,135	2,776	2,596	2,227	2,061	1,715	1,533	1,169	963	819	622	530	511	384	301	196	164	143	119	69	57	40	387
2019.3/4	은평구	남자	232,383	1,219	1,369	1,485	1,649	1,752	1,716	1,753	1,915	1,825	1,803	1,830	1,882	2,009	1,850	1,866	2,091	2,171	2,253	2,488	2,723	2,780	2,790	3,009	3,148	3,228	3,422	3,565	3,644	3,429	3,317	3,098	3,103	3,125	3,065	3,259	3,365	3,756	4,039	4,143	4,049	3,743	3,337	3,479	3,584	3,633	4,136	4,198	4,193	4,407	4,089	4,267	3,927	3,688	3,560	3,565	3,396	3,677	3,590	3,930	3,903	3,648	3,335	3,297	3,095	3,195	2,614	2,346	2,509	1,828	2,119	2,054	2,055	2,076	1,592	1,547	1,514	1,606	1,740	1,431	1,294	1,080	952	862	679	600	432	349	278	189	155	162	116	60	54	39	43	36	22	13	14	68
2019.3/4	은평구	여자	249,280	1,135	1,362	1,397	1,591	1,731	1,555	1,607	1,782	1,765	1,747	1,727	1,830	1,837	1,734	1,689	2,042	1,971	2,142	2,496	2,645	2,616	2,838	3,177	3,312	3,364	3,682	3,776	3,883	3,667	3,497	3,368	3,212	3,253	3,257	3,282	3,414	3,703	3,929	3,981	4,022	3,693	3,455	3,582	3,505	3,858	4,145	4,293	4,283	4,605	4,330	4,354	4,159	3,939	3,756	3,859	3,648	3,984	3,806	4,460	4,589	4,025	3,801	3,710	3,471	3,698	3,200	2,887	2,877	2,252	2,487	2,565	2,594	2,594	1,974	1,956	1,985	2,090	2,204	1,704	1,482	1,516	1,275	1,199	1,036	933	737	614	541	433	375	349	268	241	142	125	100	83	47	44	26	319
2019.3/4	서대문구	계	310,069	1,558	1,810	1,864	2,153	2,209	2,227	2,153	2,260	2,212	2,121	2,167	2,133	2,250	2,186	2,158	2,427	2,570	2,558	3,014	3,509	3,773	4,096	4,569	5,039	5,243	5,397	5,579	5,456	5,180	4,640	4,368	4,239	4,250	4,174	4,222	4,320	4,616	4,901	4,898	4,909	4,493	4,201	4,331	4,334	4,537	5,074	5,052	5,266	5,650	5,459	5,387	5,195	4,889	4,679	4,866	4,540	4,885	4,666	5,196	5,111	4,716	4,416	4,347	3,912	4,188	3,399	3,094	3,267	2,390	2,760	2,767	2,728	2,979	2,237	2,274	2,237	2,414	2,607	2,071	1,920	1,908	1,595	1,395	1,263	1,136	879	711	590	445	423	376	282	225	163	114	108	77	79	57	27	274
2019.3/4	서대문구	남자	149,061	802	978	996	1,096	1,103	1,116	1,106	1,150	1,110	1,092	1,095	1,054	1,145	1,107	1,078	1,212	1,312	1,289	1,510	1,720	1,783	1,864	2,059	2,353	2,507	2,658	2,854	2,843	2,604	2,349	2,244	2,069	2,122	2,098	2,086	2,103	2,375	2,345	2,459	2,422	2,234	2,052	2,137	2,190	2,279	2,472	2,462	2,649	2,837	2,644	2,577	2,539	2,317	2,424	2,270	2,167	2,410	2,303	2,490	2,405	2,267	2,170	2,059	1,834	1,971	1,603	1,414	1,497	1,103	1,170	1,171	1,170	1,292	979	964	965	1,023	1,159	889	792	790	649	554	508	431	323	243	197	129	132	125	82	47	46	27	19	17	23	21	8	72
2019.3/4	서대문구	여자	161,008	756	832	868	1,057	1,106	1,111	1,047	1,110	1,102	1,029	1,072	1,079	1,105	1,079	1,080	1,215	1,258	1,269	1,504	1,789	1,990	2,232	2,510	2,686	2,736	2,739	2,725	2,613	2,576	2,291	2,124	2,170	2,128	2,076	2,136	2,217	2,241	2,556	2,439	2,487	2,259	2,149	2,194	2,144	2,258	2,602	2,590	2,617	2,813	2,815	2,810	2,656	2,572	2,255	2,596	2,373	2,475	2,363	2,706	2,706	2,449	2,246	2,288	2,078	2,217	1,796	1,680	1,770	1,287	1,590	1,596	1,558	1,687	1,258	1,310	1,272	1,391	1,448	1,182	1,128	1,118	946	841	755	705	556	468	393	316	291	251	200	178	117	87	89	60	56	36	19	202
2019.3/4	마포구	계	373,629	2,343	2,407	2,556	2,816	2,823	2,746	2,693	2,834	2,825	2,630	2,713	2,976	2,949	2,656	2,716	2,937	2,854	2,955	3,402	3,896	4,153	4,507	5,141	5,822	6,142	6,614	7,170	7,360	7,101	6,622	6,538	6,347	6,298	6,392	6,384	6,595	6,720	6,957	6,784	6,566	6,206	5,611	5,994	5,766	6,028	6,460	6,605	6,661	6,856	6,354	6,352	5,923	5,260	5,097	5,381	4,942	5,258	4,952	5,451	5,515	4,903	4,427	4,589	4,127	4,343	3,482	3,108	3,417	2,378	2,785	2,975	2,852	2,902	2,164	2,306	2,300	2,420	2,548	2,027	1,879	1,750	1,498	1,477	1,238	1,112	865	762	670	471	447	366	288	211	146	111	93	111	63	51	37	318
2019.3/4	마포구	남자	176,863	1,238	1,244	1,334	1,432	1,431	1,325	1,356	1,445	1,401	1,340	1,408	1,522	1,489	1,323	1,369	1,478	1,529	1,477	1,709	1,872	1,963	2,081	2,318	2,607	2,772	3,018	3,355	3,379	3,306	2,998	3,049	2,888	2,835	2,936	3,087	3,230	3,220	3,417	3,356	3,188	3,022	2,695	2,846	2,774	2,944	3,248	3,182	3,293	3,365	3,130	3,181	2,877	2,540	2,581	2,625	2,441	2,582	2,445	2,694	2,602	2,352	2,100	2,091	1,910	2,051	1,567	1,406	1,568	1,026	1,208	1,269	1,189	1,217	874	970	977	1,074	1,118	888	797	742	613	575	482	400	301	287	230	155	126	118	78	57	44	30	21	36	17	21	10	76
2019.3/4	마포구	여자	196,766	1,105	1,163	1,222	1,384	1,392	1,421	1,337	1,389	1,424	1,290	1,305	1,454	1,460	1,333	1,347	1,459	1,325	1,478	1,693	2,024	2,190	2,426	2,823	3,215	3,370	3,596	3,815	3,981	3,795	3,624	3,489	3,459	3,463	3,456	3,297	3,365	3,500	3,540	3,428	3,378	3,184	2,916	3,148	2,992	3,084	3,212	3,423	3,368	3,491	3,224	3,171	3,046	2,720	2,516	2,756	2,501	2,676	2,507	2,757	2,913	2,551	2,327	2,498	2,217	2,292	1,915	1,702	1,849	1,352	1,577	1,706	1,663	1,685	1,290	1,336	1,323	1,346	1,430	1,139	1,082	1,008	885	902	756	712	564	475	440	316	321	248	210	154	102	81	72	75	46	30	27	242
2019.3/4	양천구	계	459,849	2,141	2,284	2,725	3,087	3,273	3,503	3,753	4,149	4,284	4,397	4,416	4,889	5,204	4,834	5,047	5,467	5,308	5,547	6,080	6,085	6,091	6,051	6,074	6,273	6,239	6,330	6,390	6,269	6,114	5,654	5,442	5,304	5,287	5,466	5,502	5,963	6,370	6,864	7,134	7,308	7,094	6,834	7,067	7,188	7,797	8,575	8,671	8,970	9,681	9,011	9,209	8,440	7,750	7,578	7,552	7,087	7,517	7,154	7,935	7,747	6,946	6,500	6,461	5,854	6,265	4,967	4,591	4,856	3,386	3,865	3,785	3,519	3,470	2,480	2,493	2,419	2,467	2,468	2,001	1,759	1,701	1,453	1,390	1,187	1,039	888	792	673	511	465	394	314	214	165	144	76	119	61	46	38	172
2019.3/4	양천구	남자	226,091	1,159	1,136	1,385	1,551	1,679	1,785	1,921	2,139	2,231	2,268	2,292	2,559	2,687	2,528	2,641	2,885	2,738	2,888	3,165	3,203	3,258	3,152	3,171	3,276	3,206	3,245	3,200	3,124	3,079	2,855	2,683	2,636	2,554	2,775	2,720	2,985	3,082	3,358	3,428	3,535	3,366	3,196	3,295	3,433	3,662	4,130	4,106	4,326	4,780	4,406	4,599	4,193	3,862	3,844	3,723	3,561	3,775	3,584	3,900	3,798	3,356	3,156	3,098	2,766	3,016	2,449	2,229	2,329	1,671	1,928	1,819	1,698	1,680	1,160	1,152	1,112	1,165	1,098	906	724	693	577	482	404	333	272	248	189	129	109	108	92	63	28	32	14	32	11	10	10	42
2019.3/4	양천구	여자	233,758	982	1,148	1,340	1,536	1,594	1,718	1,832	2,010	2,053	2,129	2,124	2,330	2,517	2,306	2,406	2,582	2,570	2,659	2,915	2,882	2,833	2,899	2,903	2,997	3,033	3,085	3,190	3,145	3,035	2,799	2,759	2,668	2,733	2,691	2,782	2,978	3,288	3,506	3,706	3,773	3,728	3,638	3,772	3,755	4,135	4,445	4,565	4,644	4,901	4,605	4,610	4,247	3,888	3,734	3,829	3,526	3,742	3,570	4,035	3,949	3,590	3,344	3,363	3,088	3,249	2,518	2,362	2,527	1,715	1,937	1,966	1,821	1,790	1,320	1,341	1,307	1,302	1,370	1,095	1,035	1,008	876	908	783	706	616	544	484	382	356	286	222	151	137	112	62	87	50	36	28	130
2019.3/4	강서구	계	593,708	3,623	3,894	4,101	4,829	4,714	4,712	4,710	4,955	4,702	4,325	4,245	4,664	4,516	4,242	4,168	4,655	4,754	4,940	5,675	6,115	6,012	6,432	7,143	7,813	8,638	9,431	10,293	10,911	10,634	10,451	10,140	9,962	9,929	10,019	9,979	10,031	10,871	11,308	10,942	10,922	9,987	8,841	8,901	8,583	8,974	9,836	9,701	9,460	9,729	9,266	9,510	8,962	8,269	8,127	8,735	7,972	9,172	8,775	10,276	10,180	9,418	8,782	8,808	7,906	8,445	6,764	6,314	6,458	4,595	5,217	5,162	4,990	4,915	3,468	3,536	3,253	3,237	3,391	2,779	2,472	2,340	2,012	1,758	1,546	1,518	1,203	1,049	850	701	683	573	457	339	240	187	154	117	92	62	42	219
2019.3/4	강서구	남자	287,751	1,884	2,014	2,111	2,463	2,369	2,384	2,381	2,567	2,407	2,252	2,183	2,343	2,347	2,179	2,125	2,390	2,396	2,529	2,841	3,115	3,035	3,247	3,403	3,689	3,944	4,232	4,749	5,053	5,058	5,113	5,029	4,847	5,017	4,966	5,167	5,156	5,599	5,781	5,707	5,525	5,100	4,421	4,491	4,292	4,509	4,864	4,970	4,804	4,769	4,582	4,711	4,325	3,960	3,834	4,148	3,723	4,383	4,173	4,751	4,710	4,457	4,094	4,112	3,665	3,802	3,096	2,963	3,049	2,180	2,471	2,484	2,392	2,358	1,676	1,696	1,550	1,489	1,528	1,202	1,042	939	790	613	528	528	385	332	247	193	172	138	97	87	46	43	40	30	22	17	16	65
2019.3/4	강서구	여자	305,957	1,739	1,880	1,990	2,366	2,345	2,328	2,329	2,388	2,295	2,073	2,062	2,321	2,169	2,063	2,043	2,265	2,358	2,411	2,834	3,000	2,977	3,185	3,740	4,124	4,694	5,199	5,544	5,858	5,576	5,338	5,111	5,115	4,912	5,053	4,812	4,875	5,272	5,527	5,235	5,397	4,887	4,420	4,410	4,291	4,465	4,972	4,731	4,656	4,960	4,684	4,799	4,637	4,309	4,293	4,587	4,249	4,789	4,602	5,525	5,470	4,961	4,688	4,696	4,241	4,643	3,668	3,351	3,409	2,415	2,746	2,678	2,598	2,557	1,792	1,840	1,703	1,748	1,863	1,577	1,430	1,401	1,222	1,145	1,018	990	818	717	603	508	511	435	360	252	194	144	114	87	70	45	26	154
2019.3/4	구로구	계	406,748	2,444	2,741	2,871	3,180	3,253	3,195	3,252	3,334	3,282	3,181	2,981	3,163	2,996	2,887	2,684	2,984	3,022	3,280	3,762	4,118	4,119	4,432	4,836	5,356	5,540	6,205	6,233	6,549	6,315	6,241	6,098	5,975	6,094	6,004	5,996	6,321	6,896	7,211	7,235	7,067	6,698	6,031	6,088	6,051	6,027	6,718	6,733	6,570	6,986	6,643	6,640	6,420	6,119	5,976	6,255	5,830	6,357	6,260	7,153	7,190	6,558	6,168	6,136	5,716	5,993	5,047	4,752	4,748	3,608	4,056	4,020	3,892	3,940	2,754	2,840	2,703	2,828	2,964	2,214	1,926	1,935	1,640	1,395	1,228	1,121	840	720	580	443	409	317	277	192	151	112	80	91	52	36	33	155
2019.3/4	구로구	남자	201,077	1,269	1,431	1,452	1,635	1,629	1,653	1,634	1,633	1,679	1,629	1,510	1,582	1,502	1,524	1,435	1,537	1,536	1,711	1,999	2,073	2,081	2,265	2,415	2,544	2,670	3,026	3,061	3,217	3,104	3,110	3,071	2,985	3,029	3,037	3,071	3,223	3,587	3,710	3,713	3,576	3,419	3,124	3,170	3,058	3,183	3,453	3,465	3,430	3,581	3,327	3,258	3,115	3,061	2,973	3,135	2,892	3,152	3,087	3,459	3,424	3,130	2,976	2,910	2,648	2,832	2,354	2,214	2,264	1,714	1,951	1,906	1,948	1,918	1,309	1,352	1,311	1,325	1,389	1,045	838	887	681	594	510	406	298	268	190	131	114	86	64	41	30	27	20	21	9	9	10	33
2019.3/4	구로구	여자	205,671	1,175	1,310	1,419	1,545	1,624	1,542	1,618	1,701	1,603	1,552	1,471	1,581	1,494	1,363	1,249	1,447	1,486	1,569	1,763	2,045	2,038	2,167	2,421	2,812	2,870	3,179	3,172	3,332	3,211	3,131	3,027	2,990	3,065	2,967	2,925	3,098	3,309	3,501	3,522	3,491	3,279	2,907	2,918	2,993	2,844	3,265	3,268	3,140	3,405	3,316	3,382	3,305	3,058	3,003	3,120	2,938	3,205	3,173	3,694	3,766	3,428	3,192	3,226	3,068	3,161	2,693	2,538	2,484	1,894	2,105	2,114	1,944	2,022	1,445	1,488	1,392	1,503	1,575	1,169	1,088	1,048	959	801	718	715	542	452	390	312	295	231	213	151	121	85	60	70	43	27	23	122
2019.3/4	금천구	계	233,371	1,123	1,303	1,346	1,508	1,553	1,417	1,371	1,543	1,469	1,375	1,357	1,374	1,467	1,404	1,383	1,498	1,653	1,688	1,998	2,312	2,452	2,726	2,984	3,327	3,467	4,100	4,366	4,497	4,294	3,984	3,821	3,570	3,619	3,522	3,354	3,486	3,546	3,728	3,583	3,640	3,271	3,082	2,989	2,968	3,257	3,560	3,650	3,747	3,997	3,968	4,030	4,143	3,812	3,985	4,208	3,869	4,252	4,041	4,688	4,595	4,154	3,772	3,533	3,426	3,442	2,958	2,573	2,731	2,078	2,342	2,237	2,131	2,238	1,582	1,648	1,583	1,622	1,723	1,390	1,178	1,103	894	748	671	622	488	405	356	279	224	167	157	120	68	68	47	43	40	28	18	164
2019.3/4	금천구	남자	118,471	609	663	692	783	775	740	703	769	742	700	692	719	741	703	689	766	837	876	1,012	1,172	1,248	1,388	1,457	1,650	1,767	2,096	2,257	2,369	2,311	2,146	2,103	1,997	1,961	1,969	1,821	1,923	1,963	2,027	2,003	1,993	1,739	1,613	1,666	1,518	1,693	1,874	1,878	1,911	2,046	1,997	2,015	2,065	1,877	2,050	2,106	1,938	2,200	2,047	2,330	2,327	2,055	1,926	1,753	1,695	1,634	1,402	1,246	1,320	1,043	1,133	1,058	1,013	1,051	728	783	705	765	815	619	538	475	378	311	261	222	174	133	119	95	66	40	32	24	13	13	13	18	12	8	4	56
2019.3/4	금천구	여자	114,900	514	640	654	725	778	677	668	774	727	675	665	655	726	701	694	732	816	812	986	1,140	1,204	1,338	1,527	1,677	1,700	2,004	2,109	2,128	1,983	1,838	1,718	1,573	1,658	1,553	1,533	1,563	1,583	1,701	1,580	1,647	1,532	1,469	1,323	1,450	1,564	1,686	1,772	1,836	1,951	1,971	2,015	2,078	1,935	1,935	2,102	1,931	2,052	1,994	2,358	2,268	2,099	1,846	1,780	1,731	1,808	1,556	1,327	1,411	1,035	1,209	1,179	1,118	1,187	854	865	878	857	908	771	640	628	516	437	410	400	314	272	237	184	158	127	125	96	55	55	34	25	28	20	14	108
2019.3/4	영등포구	계	368,402	2,447	2,475	2,538	2,835	2,825	2,651	2,514	2,646	2,504	2,304	2,274	2,428	2,301	2,183	2,169	2,363	2,424	2,597	3,027	3,483	3,529	3,997	4,241	4,775	5,477	6,077	6,849	7,558	7,201	6,869	7,004	6,879	6,673	6,620	6,454	6,485	6,536	6,777	6,561	6,352	5,732	5,147	5,292	5,159	5,195	5,615	5,720	5,811	6,237	5,782	5,988	5,632	5,438	5,261	5,539	5,252	5,658	5,470	6,151	6,159	5,572	5,235	5,248	4,699	5,082	4,064	3,745	3,976	3,056	3,391	3,350	3,311	3,157	2,497	2,478	2,368	2,489	2,686	2,049	1,838	1,797	1,535	1,430	1,266	1,139	904	746	593	454	414	326	282	229	134	130	94	92	66	47	29	264
2019.3/4	영등포구	남자	182,913	1,255	1,241	1,317	1,448	1,463	1,380	1,283	1,310	1,245	1,177	1,178	1,278	1,200	1,164	1,183	1,256	1,318	1,364	1,569	1,784	1,803	1,903	2,035	2,158	2,416	2,793	3,229	3,655	3,485	3,393	3,630	3,484	3,315	3,381	3,338	3,391	3,420	3,506	3,467	3,258	2,984	2,625	2,691	2,635	2,686	2,953	2,930	3,021	3,200	2,962	3,001	2,915	2,712	2,726	2,859	2,669	2,938	2,790	3,027	2,989	2,770	2,598	2,573	2,340	2,458	1,936	1,822	1,909	1,432	1,542	1,607	1,580	1,478	1,195	1,197	1,058	1,116	1,220	916	791	822	650	593	533	475	347	249	198	143	116	94	87	57	32	30	24	23	21	18	12	65
2019.3/4	영등포구	여자	185,489	1,192	1,234	1,221	1,387	1,362	1,271	1,231	1,336	1,259	1,127	1,096	1,150	1,101	1,019	986	1,107	1,106	1,233	1,458	1,699	1,726	2,094	2,206	2,617	3,061	3,284	3,620	3,903	3,716	3,476	3,374	3,395	3,358	3,239	3,116	3,094	3,116	3,271	3,094	3,094	2,748	2,522	2,601	2,524	2,509	2,662	2,790	2,790	3,037	2,820	2,987	2,717	2,726	2,535	2,680	2,583	2,720	2,680	3,124	3,170	2,802	2,637	2,675	2,359	2,624	2,128	1,923	2,067	1,624	1,849	1,743	1,731	1,679	1,302	1,281	1,310	1,373	1,466	1,133	1,047	975	885	837	733	664	557	497	395	311	298	232	195	172	102	100	70	69	45	29	17	199
2019.3/4	동작구	계	397,618	2,142	2,357	2,507	2,835	2,972	2,802	2,828	2,920	2,934	2,725	2,705	2,769	2,762	2,548	2,615	2,798	2,823	3,028	3,570	4,264	4,538	5,099	5,658	6,470	6,947	7,509	7,789	8,004	7,565	7,198	6,796	6,565	6,331	6,244	6,192	6,150	6,596	6,709	6,582	6,766	6,190	5,748	5,670	5,575	5,892	6,282	6,158	6,280	6,542	6,354	6,566	6,009	5,672	5,553	5,647	5,593	5,926	5,702	6,412	6,593	5,798	5,546	5,533	5,049	5,346	4,400	4,101	4,228	3,300	3,596	3,631	3,610	3,591	2,783	2,737	2,584	2,710	2,913	2,326	2,067	1,914	1,634	1,506	1,320	1,106	992	771	671	483	458	427	299	262	173	135	100	111	56	41	47	287
2019.3/4	동작구	남자	192,829	1,118	1,177	1,220	1,438	1,502	1,455	1,436	1,484	1,481	1,430	1,389	1,437	1,487	1,284	1,320	1,454	1,452	1,546	1,827	2,104	2,187	2,374	2,660	3,064	3,442	3,688	3,782	4,054	3,809	3,622	3,488	3,282	3,235	3,106	3,106	3,094	3,315	3,414	3,352	3,378	3,153	2,840	2,794	2,856	2,962	3,250	3,068	3,185	3,153	3,186	3,215	2,835	2,704	2,676	2,708	2,701	2,857	2,746	3,037	3,082	2,684	2,554	2,590	2,328	2,491	2,002	1,877	1,920	1,483	1,654	1,570	1,611	1,570	1,186	1,217	1,203	1,290	1,398	1,056	937	830	700	587	523	410	367	265	213	158	127	135	81	61	42	35	25	30	12	9	13	84
2019.3/4	동작구	여자	204,789	1,024	1,180	1,287	1,397	1,470	1,347	1,392	1,436	1,453	1,295	1,316	1,332	1,275	1,264	1,295	1,344	1,371	1,482	1,743	2,160	2,351	2,725	2,998	3,406	3,505	3,821	4,007	3,950	3,756	3,576	3,308	3,283	3,096	3,138	3,086	3,056	3,281	3,295	3,230	3,388	3,037	2,908	2,876	2,719	2,930	3,032	3,090	3,095	3,389	3,168	3,351	3,174	2,968	2,877	2,939	2,892	3,069	2,956	3,375	3,511	3,114	2,992	2,943	2,721	2,855	2,398	2,224	2,308	1,817	1,942	2,061	1,999	2,021	1,597	1,520	1,381	1,420	1,515	1,270	1,130	1,084	934	919	797	696	625	506	458	325	331	292	218	201	131	100	75	81	44	32	34	203
2019.3/4	관악구	계	502,117	2,075	2,176	2,458	2,660	2,705	2,706	2,661	2,741	2,792	2,638	2,558	2,756	2,767	2,648	2,691	2,942	2,967	3,257	3,842	4,936	5,520	6,635	7,628	9,594	11,004	12,964	14,000	14,540	13,301	12,387	11,441	10,221	9,488	8,897	8,213	8,148	8,181	8,631	8,254	8,154	7,255	6,604	6,625	6,523	6,749	7,372	7,358	7,463	7,864	7,445	7,409	7,101	6,667	6,603	6,897	6,261	7,032	6,757	7,570	7,740	7,046	6,511	6,358	6,123	6,501	5,345	4,992	5,407	4,165	4,567	4,639	4,445	4,515	3,306	3,431	3,338	3,511	3,594	2,833	2,419	2,291	1,899	1,626	1,347	1,268	912	755	668	520	451	392	291	238	181	115	91	103	73	48	24	306
2019.3/4	관악구	남자	251,923	1,045	1,165	1,287	1,363	1,412	1,404	1,340	1,393	1,431	1,351	1,333	1,423	1,404	1,373	1,352	1,553	1,528	1,673	1,957	2,518	2,578	2,961	3,242	4,187	5,014	6,183	7,066	7,565	7,145	6,717	6,335	5,618	5,241	4,920	4,502	4,437	4,465	4,700	4,484	4,412	3,905	3,464	3,544	3,586	3,593	3,892	3,972	4,017	4,127	3,889	3,751	3,507	3,269	3,445	3,429	3,161	3,450	3,330	3,585	3,625	3,322	3,117	2,927	2,857	2,996	2,444	2,229	2,528	1,909	2,187	2,130	2,003	2,072	1,476	1,579	1,562	1,629	1,680	1,346	1,103	1,050	859	678	543	483	353	273	234	158	135	106	66	68	27	25	18	24	26	13	6	64
2019.3/4	관악구	여자	250,194	1,030	1,011	1,171	1,297	1,293	1,302	1,321	1,348	1,361	1,287	1,225	1,333	1,363	1,275	1,339	1,389	1,439	1,584	1,885	2,418	2,942	3,674	4,386	5,407	5,990	6,781	6,934	6,975	6,156	5,670	5,106	4,603	4,247	3,977	3,711	3,711	3,716	3,931	3,770	3,742	3,350	3,140	3,081	2,937	3,156	3,480	3,386	3,446	3,737	3,556	3,658	3,594	3,398	3,158	3,468	3,100	3,582	3,427	3,985	4,115	3,724	3,394	3,431	3,266	3,505	2,901	2,763	2,879	2,256	2,380	2,509	2,442	2,443	1,830	1,852	1,776	1,882	1,914	1,487	1,316	1,241	1,040	948	804	785	559	482	434	362	316	286	225	170	154	90	73	79	47	35	18	242
2019.3/4	서초구	계	431,027	2,340	2,688	2,884	3,302	3,585	3,765	4,173	4,458	4,611	4,403	4,309	4,655	4,664	4,322	4,330	4,782	4,408	4,478	4,852	5,148	4,995	5,008	5,073	5,304	5,454	5,712	6,154	6,475	6,415	6,214	6,422	6,058	6,182	6,109	6,059	6,518	6,915	7,515	7,716	7,842	7,480	7,060	7,424	7,330	7,497	8,411	8,316	8,422	8,563	8,210	7,759	7,230	6,411	5,776	6,138	5,803	5,999	5,538	6,000	6,022	5,735	5,511	5,489	4,953	5,297	4,319	4,222	4,113	3,001	3,498	3,539	3,459	3,447	2,715	2,555	2,354	2,309	2,326	1,887	1,687	1,481	1,341	1,240	1,034	1,007	743	649	607	447	417	408	338	254	182	162	111	125	87	48	42	202
2019.3/4	서초구	남자	206,185	1,234	1,409	1,468	1,640	1,842	1,979	2,185	2,286	2,427	2,217	2,215	2,375	2,302	2,226	2,257	2,422	2,280	2,265	2,441	2,579	2,525	2,554	2,526	2,540	2,546	2,765	2,972	3,026	2,982	3,004	2,996	2,790	2,787	2,787	2,771	2,987	3,201	3,471	3,507	3,568	3,461	3,284	3,375	3,329	3,576	3,937	3,952	4,100	4,169	4,060	3,889	3,576	3,167	2,903	3,003	2,830	2,929	2,664	2,806	2,837	2,650	2,616	2,491	2,321	2,401	1,985	1,889	1,878	1,419	1,583	1,619	1,598	1,603	1,273	1,215	1,147	1,126	1,160	950	813	705	637	529	456	400	290	231	231	144	112	128	80	62	53	39	25	41	17	8	10	49
2019.3/4	서초구	여자	224,842	1,106	1,279	1,416	1,662	1,743	1,786	1,988	2,172	2,184	2,186	2,094	2,280	2,362	2,096	2,073	2,360	2,128	2,213	2,411	2,569	2,470	2,454	2,547	2,764	2,908	2,947	3,182	3,449	3,433	3,210	3,426	3,268	3,395	3,322	3,288	3,531	3,714	4,044	4,209	4,274	4,019	3,776	4,049	4,001	3,921	4,474	4,364	4,322	4,394	4,150	3,870	3,654	3,244	2,873	3,135	2,973	3,070	2,874	3,194	3,185	3,085	2,895	2,998	2,632	2,896	2,334	2,333	2,235	1,582	1,915	1,920	1,861	1,844	1,442	1,340	1,207	1,183	1,166	937	874	776	704	711	578	607	453	418	376	303	305	280	258	192	129	123	86	84	70	40	32	153
2019.3/4	강남구	계	544,028	2,542	2,821	2,989	3,423	3,736	4,038	4,469	4,757	5,014	4,891	4,943	5,731	5,917	5,536	5,679	6,058	6,033	6,096	7,032	7,482	6,666	6,974	6,727	7,079	7,177	7,771	8,365	8,812	8,295	8,465	8,477	7,928	7,986	7,955	7,917	8,357	8,795	9,345	9,677	9,676	9,450	8,765	9,139	9,055	9,630	10,229	10,362	10,836	11,310	10,726	10,226	9,328	8,371	7,626	7,880	7,358	7,615	6,825	7,448	7,369	6,757	6,627	6,750	6,218	6,598	5,539	5,277	5,337	3,768	4,299	4,449	4,378	4,280	3,298	3,142	2,903	2,806	2,786	2,334	2,000	1,783	1,623	1,405	1,263	1,125	971	801	782	602	559	492	386	318	223	220	137	127	96	70	54	266
2019.3/4	강남구	남자	260,305	1,333	1,523	1,481	1,659	1,923	2,112	2,318	2,468	2,640	2,523	2,557	2,983	3,106	2,918	2,960	3,234	3,165	3,212	3,647	3,868	3,386	3,535	3,234	3,405	3,369	3,706	3,981	4,074	4,003	3,942	3,961	3,626	3,663	3,658	3,630	3,840	4,014	4,153	4,417	4,398	4,162	4,024	4,147	4,150	4,435	4,769	4,734	5,172	5,578	5,253	5,114	4,687	4,087	3,938	3,947	3,660	3,819	3,419	3,556	3,479	3,179	3,066	3,142	2,863	2,900	2,511	2,326	2,445	1,750	1,956	2,069	2,091	1,959	1,565	1,531	1,420	1,390	1,413	1,086	938	873	732	619	547	429	342	274	266	172	138	130	86	78	46	56	31	27	22	19	12	51
2019.3/4	강남구	여자	283,723	1,209	1,298	1,508	1,764	1,813	1,926	2,151	2,289	2,374	2,368	2,386	2,748	2,811	2,618	2,719	2,824	2,868	2,884	3,385	3,614	3,280	3,439	3,493	3,674	3,808	4,065	4,384	4,738	4,292	4,523	4,516	4,302	4,323	4,297	4,287	4,517	4,781	5,192	5,260	5,278	5,288	4,741	4,992	4,905	5,195	5,460	5,628	5,664	5,732	5,473	5,112	4,641	4,284	3,688	3,933	3,698	3,796	3,406	3,892	3,890	3,578	3,561	3,608	3,355	3,698	3,028	2,951	2,892	2,018	2,343	2,380	2,287	2,321	1,733	1,611	1,483	1,416	1,373	1,248	1,062	910	891	786	716	696	629	527	516	430	421	362	300	240	177	164	106	100	74	51	42	215
2019.3/4	송파구	계	677,489	4,219	4,511	5,006	5,646	5,601	5,472	5,653	6,133	6,020	5,820	5,583	5,890	6,066	5,664	5,641	6,036	5,969	6,309	7,239	7,794	7,650	7,840	8,334	8,928	9,446	10,180	10,865	11,278	10,932	11,157	11,112	10,834	10,818	11,159	10,916	11,165	12,051	12,560	12,425	12,427	11,389	10,361	10,459	10,093	10,640	11,232	11,164	11,654	12,209	11,283	11,648	11,147	10,135	9,848	10,269	9,664	10,544	9,831	11,202	11,114	10,136	9,576	9,624	8,640	9,368	7,568	6,980	7,199	5,036	5,468	5,364	5,088	5,168	3,745	3,596	3,362	3,297	3,361	2,691	2,311	2,142	1,885	1,753	1,516	1,393	1,186	1,040	876	692	597	566	438	370	252	200	146	155	82	76	47	264
2019.3/4	송파구	남자	328,073	2,199	2,381	2,627	2,956	2,902	2,824	2,882	3,109	3,146	2,961	2,803	3,061	3,086	2,875	2,925	3,078	3,090	3,285	3,680	3,966	3,918	3,888	4,131	4,301	4,536	4,850	5,215	5,269	5,175	5,309	5,311	5,241	5,133	5,315	5,236	5,404	5,738	6,108	6,055	5,863	5,356	4,993	5,022	4,993	5,198	5,498	5,216	5,659	5,882	5,564	5,709	5,329	4,908	4,940	4,954	4,643	5,163	4,744	5,245	5,112	4,871	4,501	4,502	4,114	4,404	3,583	3,333	3,580	2,453	2,719	2,627	2,533	2,526	1,844	1,784	1,667	1,585	1,633	1,251	1,087	961	814	722	572	487	425	306	280	203	150	127	118	83	53	37	36	35	12	17	10	68
2019.3/4	송파구	여자	349,416	2,020	2,130	2,379	2,690	2,699	2,648	2,771	3,024	2,874	2,859	2,780	2,829	2,980	2,789	2,716	2,958	2,879	3,024	3,559	3,828	3,732	3,952	4,203	4,627	4,910	5,330	5,650	6,009	5,757	5,848	5,801	5,593	5,685	5,844	5,680	5,761	6,313	6,452	6,370	6,564	6,033	5,368	5,437	5,100	5,442	5,734	5,948	5,995	6,327	5,719	5,939	5,818	5,227	4,908	5,315	5,021	5,381	5,087	5,957	6,002	5,265	5,075	5,122	4,526	4,964	3,985	3,647	3,619	2,583	2,749	2,737	2,555	2,642	1,901	1,812	1,695	1,712	1,728	1,440	1,224	1,181	1,071	1,031	944	906	761	734	596	489	447	439	320	287	199	163	110	120	70	59	37	196
2019.3/4	강동구	계	426,219	2,337	2,504	2,755	3,129	3,217	3,342	3,143	3,523	3,505	3,454	3,331	3,603	3,679	3,362	3,266	3,789	3,760	3,991	4,455	4,663	4,700	4,944	5,192	5,563	5,856	6,083	6,527	6,737	6,308	6,292	6,022	6,008	5,946	5,936	6,181	6,456	6,818	7,357	7,537	7,354	7,004	6,395	6,377	6,149	6,416	6,986	7,105	7,227	7,482	7,104	7,415	7,209	6,600	6,420	6,645	6,414	7,027	6,946	7,888	7,895	7,210	6,697	6,756	6,162	6,461	5,362	4,855	5,043	3,506	3,905	3,901	3,861	3,585	2,663	2,588	2,465	2,469	2,479	1,990	1,672	1,599	1,401	1,240	1,060	1,013	814	681	609	481	457	422	321	269	185	130	100	106	62	45	42	223
2019.3/4	강동구	남자	210,593	1,209	1,277	1,420	1,630	1,683	1,707	1,645	1,837	1,858	1,821	1,693	1,954	1,974	1,788	1,730	1,960	1,960	2,146	2,341	2,419	2,465	2,514	2,699	2,810	2,927	2,990	3,230	3,318	3,175	3,237	3,058	3,004	2,946	2,970	3,163	3,241	3,372	3,634	3,757	3,743	3,458	3,199	3,169	3,134	3,176	3,488	3,503	3,645	3,810	3,511	3,643	3,564	3,193	3,295	3,230	3,098	3,433	3,433	3,736	3,714	3,438	3,226	3,245	2,833	3,052	2,542	2,331	2,417	1,711	1,916	1,894	1,925	1,674	1,354	1,285	1,192	1,181	1,177	943	759	673	596	487	396	321	258	211	167	123	115	97	70	50	40	21	21	20	17	11	9	58
2019.3/4	강동구	여자	215,626	1,128	1,227	1,335	1,499	1,534	1,635	1,498	1,686	1,647	1,633	1,638	1,649	1,705	1,574	1,536	1,829	1,800	1,845	2,114	2,244	2,235	2,430	2,493	2,753	2,929	3,093	3,297	3,419	3,133	3,055	2,964	3,004	3,000	2,966	3,018	3,215	3,446	3,723	3,780	3,611	3,546	3,196	3,208	3,015	3,240	3,498	3,602	3,582	3,672	3,593	3,772	3,645	3,407	3,125	3,415	3,316	3,594	3,513	4,152	4,181	3,772	3,471	3,511	3,329	3,409	2,820	2,524	2,626	1,795	1,989	2,007	1,936	1,911	1,309	1,303	1,273	1,288	1,302	1,047	913	926	805	753	664	692	556	470	442	358	342	325	251	219	145	109	79	86	45	34	33	165